0 1.811201 2.520195 2.998454 3.382712 3.786915 4.005740 4.221982 4.384187 4.678102 4.908685 5.085331 5.249317 5.445898 5.623369 5.659832 5.722994 5.920277 6.071234 6.230655 6.219557 6.288201 6.346046 6.450558 6.646231 7.074571 7.428783 7.918347 8.800771 9.338911 10.015327 10.432035 10.643488 11.336372 11.568639 11.779031 11.982468 12.262088 12.312215 12.256659 12.296880 12.222860 12.312943 12.461720 12.446945 12.273183 12.233786 12.456177 12.442401 12.280302 12.287887 12.368267 12.265521 12.252749 12.268126 12.131131 11.964641 11.885997 11.812813 11.656867 11.327254 10.970935 10.669955 10.560730 10.460304 
1.811201 0 1.827275 2.517166 2.987196 3.383307 3.626359 3.915269 4.129030 4.422936 4.653484 4.842375 5.017098 5.236258 5.433385 5.436379 5.481892 5.684371 5.843047 6.020511 6.040044 6.101823 6.186269 6.309761 6.510730 6.962973 7.316372 7.795798 8.686759 9.204741 9.842126 10.266215 10.486884 11.190419 11.470213 11.688925 11.910528 12.175576 12.230905 12.171657 12.249464 12.188165 12.285940 12.429165 12.383256 12.205118 12.205076 12.421225 12.382244 12.217895 12.238993 12.339628 12.238504 12.240645 12.249569 12.125247 11.981589 11.893973 11.799216 11.645796 11.320899 10.971304 10.683945 10.571562 10.465794 
2.520195 1.827275 0 1.819038 2.531669 2.997708 3.282326 3.612834 3.854503 4.192493 4.446440 4.649961 4.798769 5.028469 5.247852 5.276705 5.352750 5.587203 5.742932 5.912203 5.918353 5.962788 6.058847 6.206545 6.385637 6.810146 7.135875 7.606603 8.483569 9.006063 9.592159 9.993129 10.226339 10.943677 11.252879 11.485847 11.720287 11.982711 12.017173 11.960145 12.050221 11.983933 12.077116 12.236685 12.210579 12.059306 12.065076 12.260368 12.201084 12.037646 12.053887 12.145060 12.039662 12.043183 12.046687 11.951127 11.817110 11.747188 11.659005 11.504881 11.173865 10.824434 10.535183 10.429705 10.337579 
2.998454 2.517166 1.819038 0 1.752362 2.470051 2.863671 3.260496 3.552201 3.948625 4.213963 4.386089 4.523321 4.791305 5.033018 5.076189 5.121353 5.339903 5.520512 5.661865 5.663873 5.743584 5.835986 5.992131 6.192625 6.673099 6.980412 7.426646 8.317066 8.852815 9.460624 9.824666 10.054992 10.784329 11.075015 11.302413 11.558023 11.812608 11.855637 11.811926 11.900874 11.857234 11.973262 12.108799 12.064990 11.919081 11.954426 12.127555 12.072401 11.928231 11.958654 12.055417 11.951863 11.946774 11.943491 11.838325 11.712742 11.638456 11.546069 11.422946 11.093249 10.758085 10.480537 10.390690 10.288855 
3.382712 2.987196 2.531669 1.752362 0 1.784902 2.467820 2.944363 3.280938 3.708225 3.987542 4.154610 4.326794 4.597974 4.836530 4.885373 4.941529 5.166134 5.351228 5.490982 5.531553 5.619306 5.679980 5.847105 6.082444 6.573335 6.862147 7.301645 8.195383 8.723980 9.362093 9.716860 9.948251 10.686950 10.952467 11.162899 11.438523 11.714291 11.750298 11.709261 11.804007 11.768941 11.893610 12.035024 11.998414 11.837740 11.861804 12.031178 11.973244 11.850942 11.882275 11.968576 11.860159 11.847293 11.846524 11.731732 11.604986 11.531366 11.442095 11.329525 11.003819 10.681740 10.407590 10.328246 10.228276 
3.786915 3.383307 2.997708 2.470051 1.784902 0 1.789701 2.471885 2.897699 3.339422 3.674175 3.875104 4.099187 4.356983 4.593824 4.636577 4.696777 4.943620 5.148750 5.281989 5.350947 5.460158 5.518402 5.713828 5.944907 6.435143 6.700460 7.136150 8.005666 8.540564 9.146368 9.486609 9.736755 10.511740 10.816626 11.030709 11.292444 11.573289 11.619692 11.556370 11.668193 11.625636 11.744306 11.903286 11.874559 11.691465 11.748354 11.931679 11.866999 11.739175 11.764827 11.849853 11.729479 11.712357 11.721182 11.630759 11.507404 11.437525 11.339278 11.221118 10.904045 10.584764 10.334299 10.260606 10.165881 
4.005740 3.626359 3.282326 2.863671 2.467820 1.789701 0 1.801964 2.501070 3.014101 3.386726 3.608202 3.861949 4.158980 4.402522 4.443315 4.490816 4.759740 4.966631 5.126112 5.185325 5.299175 5.381988 5.591851 5.839243 6.314131 6.601729 7.047291 7.877411 8.414165 9.016407 9.355184 9.596246 10.366096 10.682823 10.898789 11.160469 11.433239 11.476796 11.393778 11.494656 11.454404 11.578103 11.757343 11.763872 11.610190 11.705533 11.900577 11.816177 11.678587 11.695705 11.785819 11.675403 11.656646 11.642666 11.566215 11.464676 11.390123 11.272222 11.168781 10.856111 10.532535 10.301498 10.216551 10.130287 
4.221982 3.915269 3.612834 3.260496 2.944363 2.471885 1.801964 0 1.801036 2.482128 2.975119 3.195433 3.489219 3.768467 3.989378 4.107083 4.200502 4.481405 4.709198 4.852045 4.920178 5.062133 5.106472 5.317064 5.583311 6.093399 6.400776 6.836597 7.641083 8.208220 8.844872 9.174968 9.414280 10.187106 10.489612 10.700020 10.948233 11.223161 11.278032 11.191741 11.302614 11.263101 11.389566 11.555727 11.567531 11.411084 11.516877 11.716365 11.636618 11.512915 11.539034 11.627868 11.508604 11.486676 11.486226 11.424686 11.314728 11.242458 11.117939 11.022033 10.702936 10.401817 10.179205 10.116233 10.054036 
4.384187 4.129030 3.854503 3.552201 3.280938 2.897699 2.501070 1.801036 0 1.808195 2.546515 2.888635 3.188378 3.478224 3.725554 3.906061 4.014967 4.295537 4.531852 4.681936 4.735050 4.885836 4.914383 5.114458 5.410464 5.960056 6.278655 6.718009 7.538076 8.116260 8.723941 9.044045 9.275054 10.078804 10.383196 10.575363 10.837980 11.130704 11.198724 11.126775 11.239342 11.201674 11.327480 11.493455 11.515445 11.342541 11.418357 11.640391 11.563273 11.442496 11.462583 11.569491 11.439391 11.420186 11.443952 11.414291 11.294508 11.231241 11.115952 11.016307 10.702727 10.422737 10.191039 10.136506 10.074262 
4.678102 4.422936 4.192493 3.948625 3.708225 3.339422 3.014101 2.482128 1.808195 0 1.792564 2.407450 2.869476 3.207684 3.508425 3.729034 3.873655 4.177024 4.432445 4.581720 4.622981 4.820496 4.864711 5.103633 5.398415 5.941260 6.266997 6.710964 7.485020 8.042990 8.680038 9.015886 9.252861 10.020803 10.348149 10.518527 10.761086 11.037148 11.134683 11.053443 11.154386 11.113890 11.239574 11.378729 11.386483 11.201705 11.294194 11.503849 11.424877 11.308170 11.318646 11.426050 11.306448 11.264790 11.263991 11.232511 11.130271 11.053093 10.922874 10.807932 10.492424 10.231054 10.025378 9.982776 9.938182 
4.908685 4.653484 4.446440 4.213963 3.987542 3.674175 3.386726 2.975119 2.546515 1.792564 0 1.748093 2.492321 2.942863 3.364381 3.580722 3.692821 4.016164 4.289498 4.434946 4.489786 4.717848 4.753673 5.010481 5.334820 5.885956 6.179774 6.632111 7.426692 7.988142 8.650070 8.989981 9.241340 10.016227 10.332630 10.496445 10.769643 11.024522 11.144250 11.090524 11.203633 11.164219 11.302254 11.439223 11.453722 11.243694 11.355687 11.582608 11.492594 11.379727 11.367001 11.481666 11.370388 11.314103 11.285336 11.255774 11.162975 11.052984 10.900682 10.805089 10.482916 10.219316 10.053646 10.048778 10.022633 
5.085331 4.842375 4.649961 4.386089 4.154610 3.875104 3.608202 3.195433 2.888635 2.407450 1.748093 0 1.817651 2.521700 3.040449 3.309366 3.390682 3.695278 4.007717 4.168319 4.256237 4.510614 4.564373 4.822230 5.119744 5.716150 5.989729 6.435137 7.226954 7.827228 8.520755 8.856564 9.105643 9.914270 10.263922 10.429798 10.687078 10.941746 11.076776 11.010874 11.153254 11.123272 11.266444 11.417306 11.424716 11.212560 11.341634 11.571048 11.474096 11.346080 11.339755 11.461133 11.346613 11.287192 11.262982 11.218952 11.121523 11.011273 10.890451 10.807152 10.485631 10.238134 10.058182 10.046430 10.021347 
5.249317 5.017098 4.798769 4.523321 4.326794 4.099187 3.861949 3.489219 3.188378 2.869476 2.492321 1.817651 0 1.816794 2.583983 2.946018 3.095461 3.418377 3.742869 3.939176 4.040473 4.315188 4.427159 4.672161 4.956400 5.559125 5.785964 6.247151 7.045406 7.673297 8.345847 8.672177 8.936293 9.796345 10.144367 10.321545 10.600722 10.854169 10.977960 10.912260 11.079496 11.055685 11.217969 11.379173 11.392774 11.180324 11.323380 11.550856 11.439856 11.314669 11.302299 11.411177 11.296764 11.250235 11.247118 11.187483 11.095986 11.002578 10.884877 10.807250 10.492166 10.268690 10.109018 10.102126 10.089150 
5.445898 5.236258 5.028469 4.791305 4.597974 4.356983 4.158980 3.768467 3.478224 3.207684 2.942863 2.521700 1.816794 0 1.770115 2.461391 2.759839 3.180704 3.483282 3.708841 3.857633 4.115699 4.253637 4.529623 4.839757 5.408065 5.629604 6.073998 6.858803 7.517484 8.164722 8.476588 8.762245 9.641139 9.974576 10.144252 10.426523 10.685325 10.811641 10.742466 10.896244 10.882713 11.036163 11.218254 11.247405 11.024299 11.180234 11.415751 11.312746 11.184192 11.170167 11.269278 11.145638 11.106816 11.136675 11.081862 10.989828 10.914021 10.802766 10.721731 10.415054 10.213620 10.038729 10.034185 10.042223 
5.623369 5.433385 5.247852 5.033018 4.836530 4.593824 4.402522 3.989378 3.725554 3.508425 3.364381 3.040449 2.583983 1.770115 0 1.865520 2.488556 2.962796 3.288050 3.532317 3.708939 3.983513 4.109122 4.386031 4.697406 5.286445 5.552644 6.018726 6.791292 7.433989 8.100826 8.419103 8.708347 9.557011 9.900973 10.079639 10.315387 10.574610 10.674810 10.594577 10.747477 10.754561 10.909254 11.072894 11.092556 10.869801 11.027297 11.260071 11.172043 11.032290 11.045599 11.146963 11.026971 11.000453 11.057718 10.995989 10.888693 10.828976 10.724153 10.644077 10.328343 10.121931 9.950423 9.939639 9.948809 
5.659832 5.436379 5.276705 5.076189 4.885373 4.636577 4.443315 4.107083 3.906061 3.729034 3.580722 3.309366 2.946018 2.461391 1.865520 0 1.799038 2.565502 3.012968 3.349929 3.577276 3.906678 4.025423 4.305646 4.622444 5.236579 5.520832 5.971458 6.756833 7.419466 8.080837 8.394135 8.678209 9.523466 9.866499 10.048196 10.294156 10.557530 10.649226 10.567358 10.686142 10.686864 10.834523 11.012906 11.057968 10.851746 11.015350 11.235179 11.135040 10.998167 11.010452 11.112209 11.002902 10.990670 11.030709 10.986892 10.908356 10.830628 10.707264 10.622045 10.318630 10.122358 9.979573 9.972678 9.979377 
5.722994 5.481892 5.352750 5.121353 4.941529 4.696777 4.490816 4.200502 4.014967 3.873655 3.692821 3.390682 3.095461 2.759839 2.488556 1.799038 0 1.816721 2.490903 2.891336 3.213754 3.564006 3.742903 3.992324 4.319876 4.971809 5.245737 5.683758 6.480046 7.136494 7.847111 8.172925 8.449345 9.295305 9.653387 9.831655 10.068433 10.329908 10.441690 10.362363 10.474532 10.468818 10.633593 10.820997 10.864629 10.661186 10.832180 11.039638 10.941368 10.811918 10.825042 10.938546 10.838176 10.802618 10.828961 10.831696 10.758612 10.668216 10.551274 10.471459 10.175012 9.990768 9.855988 9.848031 9.837274 
5.920277 5.684371 5.587203 5.339903 5.166134 4.943620 4.759740 4.481405 4.295537 4.177024 4.016164 3.695278 3.418377 3.180704 2.962796 2.565502 1.816721 0 1.756339 2.476860 2.933758 3.328478 3.563728 3.827267 4.095739 4.750971 5.046741 5.451994 6.254787 6.893940 7.597407 7.963889 8.243103 9.089054 9.457145 9.639585 9.895366 10.138019 10.281305 10.221954 10.364296 10.357349 10.539290 10.710242 10.712987 10.509523 10.687973 10.883828 10.786204 10.659585 10.683628 10.818365 10.718240 10.662489 10.692040 10.687742 10.593172 10.498860 10.388353 10.310165 10.039928 9.894579 9.791296 9.771145 9.733749 
6.071234 5.843047 5.742932 5.520512 5.351228 5.148750 4.966631 4.709198 4.531852 4.432445 4.289498 4.007717 3.742869 3.483282 3.288050 3.012968 2.490903 1.756339 0 1.797388 2.477336 2.965657 3.298294 3.598188 3.876348 4.574216 4.846798 5.263319 6.060664 6.737190 7.476864 7.840009 8.133896 9.027152 9.415121 9.615651 9.863727 10.114038 10.249873 10.169224 10.312387 10.345037 10.556125 10.734158 10.696928 10.490358 10.673861 10.901695 10.794189 10.672892 10.679412 10.817989 10.696153 10.634746 10.668591 10.701442 10.605448 10.523436 10.422754 10.341008 10.058956 9.931458 9.831359 9.809936 9.769651 
6.230655 6.020511 5.912203 5.661865 5.490982 5.281989 5.126112 4.852045 4.681936 4.581720 4.434946 4.168319 3.939176 3.708841 3.532317 3.349929 2.891336 2.476860 1.797388 0 1.762046 2.470517 2.874175 3.222727 3.600347 4.386283 4.626197 5.045584 5.813882 6.468547 7.272315 7.605768 7.883508 8.796836 9.203094 9.416899 9.660584 9.923291 10.059036 9.984947 10.128183 10.197552 10.421567 10.584360 10.569433 10.370234 10.528260 10.759171 10.672220 10.576221 10.578769 10.704250 10.560229 10.501161 10.539437 10.625967 10.505994 10.424713 10.339364 10.267710 9.977073 9.855359 9.773392 9.793160 9.798270 
6.219557 6.040044 5.918353 5.663873 5.531553 5.350947 5.185325 4.920178 4.735050 4.622981 4.489786 4.256237 4.040473 3.857633 3.708939 3.577276 3.213754 2.933758 2.477336 1.762046 0 1.826806 2.449711 2.916792 3.450377 4.360133 4.595343 4.995041 5.761824 6.394069 7.216784 7.540171 7.784390 8.712474 9.112946 9.322544 9.590614 9.857852 9.983134 9.916256 10.098804 10.177134 10.416960 10.563068 10.561090 10.360547 10.489101 10.744031 10.655917 10.555134 10.547922 10.665619 10.499231 10.443101 10.466710 10.555454 10.426366 10.336708 10.262465 10.209142 9.917661 9.785042 9.719788 9.750780 9.759800 
6.288201 6.101823 5.962788 5.743584 5.619306 5.460158 5.299175 5.062133 4.885836 4.820496 4.717848 4.510614 4.315188 4.115699 3.983513 3.906678 3.564006 3.328478 2.965657 2.470517 1.826806 0 1.813919 2.518413 3.120854 4.103400 4.321038 4.719690 5.491539 6.065957 6.921372 7.262324 7.531535 8.491637 8.956756 9.189628 9.448131 9.707512 9.822515 9.751493 9.929903 10.013073 10.251741 10.385858 10.393903 10.232118 10.320224 10.556716 10.467650 10.382814 10.378785 10.497144 10.327561 10.279657 10.309014 10.425899 10.289735 10.213480 10.151354 10.092430 9.809678 9.668836 9.608017 9.615285 9.600534 
6.346046 6.186269 6.058847 5.835986 5.679980 5.518402 5.381988 5.106472 4.914383 4.864711 4.753673 4.564373 4.427159 4.253637 4.109122 4.025423 3.742903 3.563728 3.298294 2.874175 2.449711 1.813919 0 1.790247 2.769495 4.028248 4.314741 4.685734 5.460008 5.995398 6.824938 7.170161 7.433122 8.411164 8.842077 9.076552 9.365015 9.618460 9.708144 9.667926 9.854000 9.956320 10.196748 10.364560 10.401399 10.231832 10.298553 10.560953 10.480469 10.405134 10.386382 10.480520 10.299097 10.270253 10.333694 10.448344 10.293352 10.194393 10.114258 10.060278 9.789801 9.657205 9.576432 9.578784 9.567408 
6.450558 6.309761 6.206545 5.992131 5.847105 5.713828 5.591851 5.317064 5.114458 5.103633 5.010481 4.822230 4.672161 4.529623 4.386031 4.305646 3.992324 3.827267 3.598188 3.222727 2.916792 2.518413 1.790247 0 2.154219 3.781631 4.084027 4.426296 5.250144 5.830176 6.699529 7.058273 7.299221 8.298127 8.682978 8.923765 9.228950 9.496053 9.573601 9.541562 9.754262 9.858432 10.112414 10.279099 10.296249 10.148914 10.235966 10.504309 10.434714 10.359262 10.365020 10.464919 10.270556 10.254628 10.344686 10.509986 10.352080 10.258514 10.185226 10.138924 9.872818 9.755647 9.673881 9.645108 9.631104 
6.646231 6.510730 6.385637 6.192625 6.082444 5.944907 5.839243 5.583311 5.410464 5.398415 5.334820 5.119744 4.956400 4.839757 4.697406 4.622444 4.319876 4.095739 3.876348 3.600347 3.450377 3.120854 2.769495 2.154219 0 2.874006 3.238509 3.634643 4.543034 5.315192 6.294480 6.696306 6.970791 8.013045 8.488215 8.775815 9.035440 9.323854 9.421663 9.373465 9.585244 9.682357 9.960517 10.135359 10.107636 9.971202 10.106253 10.366898 10.278004 10.226712 10.259719 10.367530 10.193117 10.174413 10.262438 10.456786 10.322248 10.242315 10.147523 10.056785 9.782846 9.686232 9.667067 9.627959 9.616488 
7.074571 6.962973 6.810146 6.673099 6.573335 6.435143 6.314131 6.093399 5.960056 5.941260 5.885956 5.716150 5.559125 5.408065 5.286445 5.236579 4.971809 4.750971 4.574216 4.386283 4.360133 4.103400 4.028248 3.781631 2.874006 0 1.833851 2.649368 3.707939 4.742532 5.870587 6.310510 6.581165 7.735270 8.303537 8.664171 8.957489 9.281605 9.415063 9.335366 9.483089 9.574798 9.841233 10.038887 10.075347 9.975077 10.122788 10.363555 10.263948 10.247405 10.275071 10.396270 10.215096 10.173165 10.265027 10.493562 10.388361 10.362550 10.265584 10.131451 9.909326 9.891832 9.936097 9.922035 9.932458 
7.428783 7.316372 7.135875 6.980412 6.862147 6.700460 6.601729 6.400776 6.278655 6.266997 6.179774 5.989729 5.785964 5.629604 5.552644 5.520832 5.245737 5.046741 4.846798 4.626197 4.595343 4.321038 4.314741 4.084027 3.238509 1.833851 0 1.969166 3.199563 4.393093 5.647577 6.061020 6.365041 7.550304 8.171648 8.542747 8.855345 9.186111 9.347768 9.252659 9.403646 9.498439 9.777388 9.977335 10.067009 9.962063 10.122293 10.376162 10.259184 10.262683 10.252172 10.363646 10.172751 10.113458 10.185226 10.425257 10.340998 10.354845 10.279821 10.164980 9.951002 9.977303 10.040910 10.046183 10.085988 
7.918347 7.795798 7.606603 7.426646 7.301645 7.136150 7.047291 6.836597 6.718009 6.710964 6.632111 6.435137 6.247151 6.073998 6.018726 5.971458 5.683758 5.451994 5.263319 5.045584 4.995041 4.719690 4.685734 4.426296 3.634643 2.649368 1.969166 0 2.297334 3.753881 5.123598 5.543568 5.818665 6.979748 7.586297 7.952721 8.265801 8.610242 8.808061 8.759387 8.919252 9.003766 9.288594 9.485950 9.590534 9.513908 9.713419 9.949268 9.834950 9.893752 9.903438 10.025130 9.828497 9.760383 9.842278 10.167438 10.111957 10.113674 10.031818 9.963109 9.811828 9.920261 10.060681 10.074764 10.127665 
8.800771 8.686759 8.483569 8.317066 8.195383 8.005666 7.877411 7.641083 7.538076 7.485020 7.426692 7.226954 7.045406 6.858803 6.791292 6.756833 6.480046 6.254787 6.060664 5.813882 5.761824 5.491539 5.460008 5.250144 4.543034 3.707939 3.199563 2.297334 0 2.731266 4.422232 4.835444 5.131174 6.283381 7.079012 7.461873 7.680616 8.022548 8.275110 8.199341 8.373380 8.483118 8.781118 8.985153 9.109066 9.095952 9.353616 9.561111 9.427072 9.516616 9.521593 9.626135 9.451330 9.382356 9.485055 9.906549 9.906008 9.936729 9.853527 9.798255 9.700052 9.929616 10.161303 10.220301 10.321516 
9.338911 9.204741 9.006063 8.852815 8.723980 8.540564 8.414165 8.208220 8.116260 8.042990 7.988142 7.827228 7.673297 7.517484 7.433989 7.419466 7.136494 6.893940 6.737190 6.468547 6.394069 6.065957 5.995398 5.830176 5.315192 4.742532 4.393093 3.753881 2.731266 0 3.424590 4.018163 4.400647 5.590010 6.685936 7.054959 7.301048 7.609471 7.909226 7.900360 8.110659 8.227104 8.512569 8.744021 8.902897 8.928540 9.113835 9.287788 9.178074 9.266045 9.274789 9.374031 9.227744 9.196064 9.299662 9.731408 9.715398 9.729681 9.663493 9.635389 9.620352 9.925809 10.242722 10.332083 10.431828 
10.015327 9.842126 9.592159 9.460624 9.362093 9.146368 9.016407 8.844872 8.723941 8.680038 8.650070 8.520755 8.345847 8.164722 8.100826 8.080837 7.847111 7.597407 7.476864 7.272315 7.216784 6.921372 6.824938 6.699529 6.294480 5.870587 5.647577 5.123598 4.422232 3.424590 0 1.978469 2.741173 4.654397 6.393042 6.807962 7.096433 7.392588 7.672858 7.651559 7.911009 7.965674 8.181518 8.560428 8.822571 8.859723 9.002314 9.220396 9.063566 9.129446 9.103901 9.209031 9.022150 9.014061 9.208014 9.666865 9.643987 9.709998 9.675887 9.691143 9.781060 10.165422 10.508267 10.598029 10.724164 
10.432035 10.266215 9.993129 9.824666 9.716860 9.486609 9.355184 9.174968 9.044045 9.015886 8.989981 8.856564 8.672177 8.476588 8.419103 8.394135 8.172925 7.963889 7.840009 7.605768 7.540171 7.262324 7.170161 7.058273 6.696306 6.310510 6.061020 5.543568 4.835444 4.018163 1.978469 0 1.887738 4.347584 6.279439 6.675106 6.983460 7.286334 7.565599 7.529706 7.739392 7.807376 8.004909 8.433984 8.745042 8.768487 8.920859 9.176918 9.007439 9.064116 9.031747 9.134300 8.925279 8.941716 9.155790 9.670613 9.654341 9.724998 9.717118 9.764832 9.863157 10.269418 10.631157 10.734370 10.892223 
10.643488 10.486884 10.226339 10.054992 9.948251 9.736755 9.596246 9.414280 9.275054 9.252861 9.241340 9.105643 8.936293 8.762245 8.708347 8.678209 8.449345 8.243103 8.133896 7.883508 7.784390 7.531535 7.433122 7.299221 6.970791 6.581165 6.365041 5.818665 5.131174 4.400647 2.741173 1.887738 0 3.998670 5.999400 6.375736 6.717191 7.047950 7.338069 7.323633 7.575794 7.662674 7.860280 8.322585 8.657827 8.711017 8.843203 9.088760 8.904704 8.988030 8.941600 9.040469 8.810217 8.816196 9.053540 9.615247 9.605062 9.654895 9.649612 9.723600 9.859760 10.273116 10.678835 10.787355 10.939931 
11.336372 11.190419 10.943677 10.784329 10.686950 10.511740 10.366096 10.187106 10.078804 10.020803 10.016227 9.914270 9.796345 9.641139 9.557011 9.523466 9.295305 9.089054 9.027152 8.796836 8.712474 8.491637 8.411164 8.298127 8.013045 7.735270 7.550304 6.979748 6.283381 5.590010 4.654397 4.347584 3.998670 0 4.507151 4.974381 5.412771 5.806634 6.233609 6.353424 6.544797 6.642800 6.892594 7.362986 7.745475 7.868091 7.988834 8.163676 8.017160 8.148923 8.104945 8.195705 8.034223 8.088078 8.337433 8.932113 8.973361 9.039111 9.053180 9.132177 9.318973 9.822330 10.310746 10.454627 10.656426 
11.568639 11.470213 11.252879 11.075015 10.952467 10.816626 10.682823 10.489612 10.383196 10.348149 10.332630 10.263922 10.144367 9.974576 9.900973 9.866499 9.653387 9.457145 9.415121 9.203094 9.112946 8.956756 8.842077 8.682978 8.488215 8.303537 8.171648 7.586297 7.079012 6.685936 6.393042 6.279439 5.999400 4.507151 0 2.438577 4.103047 4.634824 4.995389 5.556920 5.925486 6.103098 6.419932 6.865811 7.344890 7.478702 7.608505 7.785615 7.638652 7.832509 7.933951 8.026438 7.836159 7.942546 8.223509 8.835769 8.906737 8.970020 8.923710 9.040226 9.274912 9.796821 10.261341 10.455500 10.716188 
11.779031 11.688925 11.485847 11.302413 11.162899 11.030709 10.898789 10.700020 10.575363 10.518527 10.496445 10.429798 10.321545 10.144252 10.079639 10.048196 9.831655 9.639585 9.615651 9.416899 9.322544 9.189628 9.076552 8.923765 8.775815 8.664171 8.542747 7.952721 7.461873 7.054959 6.807962 6.675106 6.375736 4.974381 2.438577 0 3.616073 4.258928 4.809932 5.454609 5.771198 5.952389 6.244954 6.745339 7.302259 7.425491 7.554250 7.746965 7.591990 7.763948 7.821486 7.911433 7.746402 7.837785 8.092101 8.661050 8.747638 8.787998 8.757466 8.914653 9.165156 9.713746 10.177378 10.368097 10.645308 
11.982468 11.910528 11.720287 11.558023 11.438523 11.292444 11.160469 10.948233 10.837980 10.761086 10.769643 10.687078 10.600722 10.426523 10.315387 10.294156 10.068433 9.895366 9.863727 9.660584 9.590614 9.448131 9.365015 9.228950 9.035440 8.957489 8.855345 8.265801 7.680616 7.301048 7.096433 6.983460 6.717191 5.412771 4.103047 3.616073 0 2.327565 3.604967 4.422730 4.798697 4.997523 5.322688 5.884987 6.476697 6.594992 6.775261 7.022860 6.927475 7.114396 7.179076 7.235353 7.095629 7.183894 7.464433 8.159576 8.319142 8.388503 8.435873 8.587212 8.817352 9.395729 9.847853 10.034855 10.330113 
12.262088 12.175576 11.982711 11.812608 11.714291 11.573289 11.433239 11.223161 11.130704 11.037148 11.024522 10.941746 10.854169 10.685325 10.574610 10.557530 10.329908 10.138019 10.114038 9.923291 9.857852 9.707512 9.618460 9.496053 9.323854 9.281605 9.186111 8.610242 8.022548 7.609471 7.392588 7.286334 7.047950 5.806634 4.634824 4.258928 2.327565 0 2.681646 3.936705 4.511955 4.724268 5.030880 5.500840 6.174792 6.346991 6.609145 6.856034 6.753130 6.959352 7.040864 7.135563 7.041783 7.114510 7.339610 7.988922 8.169335 8.232385 8.220317 8.387925 8.652307 9.265232 9.740539 9.957774 10.255208 
12.312215 12.230905 12.017173 11.855637 11.750298 11.619692 11.476796 11.278032 11.198724 11.134683 11.144250 11.076776 10.977960 10.811641 10.674810 10.649226 10.441690 10.281305 10.249873 10.059036 9.983134 9.822515 9.708144 9.573601 9.421663 9.415063 9.347768 8.808061 8.275110 7.909226 7.672858 7.565599 7.338069 6.233609 4.995389 4.809932 3.604967 2.681646 0 2.874050 3.955213 4.343912 4.740195 5.266888 5.994937 6.244376 6.516763 6.788666 6.683441 6.854218 6.983942 7.084442 6.998378 7.089087 7.389132 8.113294 8.231179 8.332213 8.299100 8.516899 8.770549 9.332446 9.816738 10.049965 10.336820 
12.256659 12.171657 11.960145 11.811926 11.709261 11.556370 11.393778 11.191741 11.126775 11.053443 11.090524 11.010874 10.912260 10.742466 10.594577 10.567358 10.362363 10.221954 10.169224 9.984947 9.916256 9.751493 9.667926 9.541562 9.373465 9.335366 9.252659 8.759387 8.199341 7.900360 7.651559 7.529706 7.323633 6.353424 5.556920 5.454609 4.422730 3.936705 2.874050 0 2.880064 3.628096 4.263676 5.000158 5.781341 6.045750 6.411132 6.742341 6.632065 6.724017 6.789878 6.895839 6.856127 6.919963 7.215213 8.085538 8.192207 8.336288 8.326410 8.523162 8.705325 9.265274 9.735295 9.955730 10.224560 
12.296880 12.249464 12.050221 11.900874 11.804007 11.668193 11.494656 11.302614 11.239342 11.154386 11.203633 11.153254 11.079496 10.896244 10.747477 10.686142 10.474532 10.364296 10.312387 10.128183 10.098804 9.929903 9.854000 9.754262 9.585244 9.483089 9.403646 8.919252 8.373380 8.110659 7.911009 7.739392 7.575794 6.544797 5.925486 5.771198 4.798697 4.511955 3.955213 2.880064 0 2.134198 3.125103 4.312987 5.455804 5.814345 6.170438 6.512904 6.473504 6.568943 6.599349 6.717807 6.765943 6.817811 7.048470 7.878665 7.982441 8.125033 8.139277 8.291236 8.484827 9.076552 9.545159 9.756631 10.048014 
12.222860 12.188165 11.983933 11.857234 11.768941 11.625636 11.454404 11.263101 11.201674 11.113890 11.164219 11.123272 11.055685 10.882713 10.754561 10.686864 10.468818 10.357349 10.345037 10.197552 10.177134 10.013073 9.956320 9.858432 9.682357 9.574798 9.498439 9.003766 8.483118 8.227104 7.965674 7.807376 7.662674 6.642800 6.103098 5.952389 4.997523 4.724268 4.343912 3.628096 2.134198 0 1.990679 3.702105 5.143068 5.453837 5.766920 6.110147 6.108562 6.197195 6.211349 6.338062 6.435685 6.460486 6.687548 7.474528 7.594134 7.734554 7.755027 7.907489 8.134698 8.743805 9.214850 9.434010 9.740334 
12.312943 12.285940 12.077116 11.973262 11.893610 11.744306 11.578103 11.389566 11.327480 11.239574 11.302254 11.266444 11.217969 11.036163 10.909254 10.834523 10.633593 10.539290 10.556125 10.421567 10.416960 10.251741 10.196748 10.112414 9.960517 9.841233 9.777388 9.288594 8.781118 8.512569 8.181518 8.004909 7.860280 6.892594 6.419932 6.244954 5.322688 5.030880 4.740195 4.263676 3.125103 1.990679 0 3.147803 5.068349 5.494339 5.784735 6.116520 6.131711 6.212536 6.213803 6.341634 6.409274 6.441338 6.681303 7.380704 7.500324 7.661565 7.705836 7.882252 8.169364 8.788940 9.250590 9.468713 9.789093 
12.461720 12.429165 12.236685 12.108799 12.035024 11.903286 11.757343 11.555727 11.493455 11.378729 11.439223 11.417306 11.379173 11.218254 11.072894 11.012906 10.820997 10.710242 10.734158 10.584360 10.563068 10.385858 10.364560 10.279099 10.135359 10.038887 9.977335 9.485950 8.985153 8.744021 8.560428 8.433984 8.322585 7.362986 6.865811 6.745339 5.884987 5.500840 5.266888 5.000158 4.312987 3.702105 3.147803 0 3.835547 4.625060 5.162088 5.431563 5.503703 5.692847 5.833549 5.995730 6.072643 6.127201 6.380641 7.098410 7.242194 7.383814 7.353123 7.524181 7.793833 8.443367 8.910277 9.155137 9.463725 
12.446945 12.383256 12.210579 12.064990 11.998414 11.874559 11.763872 11.567531 11.515445 11.386483 11.453722 11.424716 11.392774 11.247405 11.092556 11.057968 10.864629 10.712987 10.696928 10.569433 10.561090 10.393903 10.401399 10.296249 10.107636 10.075347 10.067009 9.590534 9.109066 8.902897 8.822571 8.745042 8.657827 7.745475 7.344890 7.302259 6.476697 6.174792 5.994937 5.781341 5.455804 5.143068 5.068349 3.835547 0 2.867815 4.044498 4.315237 4.409395 4.701367 5.122238 5.344634 5.503709 5.679210 6.129884 7.098260 7.303556 7.310268 7.225524 7.338544 7.532887 8.189511 8.586199 8.845002 9.160475 
12.273183 12.205118 12.059306 11.919081 11.837740 11.691465 11.610190 11.411084 11.342541 11.201705 11.243694 11.212560 11.180324 11.024299 10.869801 10.851746 10.661186 10.509523 10.490358 10.370234 10.360547 10.232118 10.231832 10.148914 9.971202 9.975077 9.962063 9.513908 9.095952 8.928540 8.859723 8.768487 8.711017 7.868091 7.478702 7.425491 6.594992 6.346991 6.244376 6.045750 5.814345 5.453837 5.494339 4.625060 2.867815 0 2.638373 3.409157 3.576965 3.884084 4.343365 4.635435 4.860080 5.027637 5.578424 6.519147 6.736403 6.746402 6.710815 6.856875 7.054495 7.744111 8.149256 8.432446 8.761283 
12.233786 12.205076 12.065076 11.954426 11.861804 11.748354 11.705533 11.516877 11.418357 11.294194 11.355687 11.341634 11.323380 11.180234 11.027297 11.015350 10.832180 10.687973 10.673861 10.528260 10.489101 10.320224 10.298553 10.235966 10.106253 10.122788 10.122293 9.713419 9.353616 9.113835 9.002314 8.920859 8.843203 7.988834 7.608505 7.554250 6.775261 6.609145 6.516763 6.411132 6.170438 5.766920 5.784735 5.162088 4.044498 2.638373 0 2.384051 2.872538 3.306128 3.810447 4.075629 4.281376 4.503988 5.196645 6.222895 6.398650 6.446534 6.514816 6.689757 6.928157 7.587881 7.965873 8.254941 8.574925 
12.456177 12.421225 12.260368 12.127555 12.031178 11.931679 11.900577 11.716365 11.640391 11.503849 11.582608 11.571048 11.550856 11.415751 11.260071 11.235179 11.039638 10.883828 10.901695 10.759171 10.744031 10.556716 10.560953 10.504309 10.366898 10.363555 10.376162 9.949268 9.561111 9.287788 9.220396 9.176918 9.088760 8.163676 7.785615 7.746965 7.022860 6.856034 6.788666 6.742341 6.512904 6.110147 6.116520 5.431563 4.315237 3.409157 2.384051 0 1.867101 2.804541 3.629771 3.950664 4.280192 4.529615 5.233748 6.223871 6.428418 6.435085 6.397774 6.504207 6.786647 7.476134 7.889060 8.224030 8.541123 
12.442401 12.382244 12.201084 12.072401 11.973244 11.866999 11.816177 11.636618 11.563273 11.424877 11.492594 11.474096 11.439856 11.312746 11.172043 11.135040 10.941368 10.786204 10.794189 10.672220 10.655917 10.467650 10.480469 10.434714 10.278004 10.263948 10.259184 9.834950 9.427072 9.178074 9.063566 9.007439 8.904704 8.017160 7.638652 7.591990 6.927475 6.753130 6.683441 6.632065 6.473504 6.108562 6.131711 5.503703 4.409395 3.576965 2.872538 1.867101 0 2.170677 3.143598 3.542386 3.902547 4.161490 4.926663 6.035201 6.299545 6.324009 6.261467 6.385938 6.621112 7.298904 7.723748 8.068528 8.388952 
12.280302 12.217895 12.037646 11.928231 11.850942 11.739175 11.678587 11.512915 11.442496 11.308170 11.379727 11.346080 11.314669 11.184192 11.032290 10.998167 10.811918 10.659585 10.672892 10.576221 10.555134 10.382814 10.405134 10.359262 10.226712 10.247405 10.262683 9.893752 9.516616 9.266045 9.129446 9.064116 8.988030 8.148923 7.832509 7.763948 7.114396 6.959352 6.854218 6.724017 6.568943 6.197195 6.212536 5.692847 4.701367 3.884084 3.306128 2.804541 2.170677 0 2.290931 3.024132 3.557742 3.961118 4.765405 5.933821 6.205809 6.274564 6.292363 6.407538 6.615620 7.290598 7.696400 8.000296 8.317027 
12.287887 12.238993 12.053887 11.958654 11.882275 11.764827 11.695705 11.539034 11.462583 11.318646 11.367001 11.339755 11.302299 11.170167 11.045599 11.010452 10.825042 10.683628 10.679412 10.578769 10.547922 10.378785 10.386382 10.365020 10.259719 10.275071 10.252172 9.903438 9.521593 9.274789 9.103901 9.031747 8.941600 8.104945 7.933951 7.821486 7.179076 7.040864 6.983942 6.789878 6.599349 6.211349 6.213803 5.833549 5.122238 4.343365 3.810447 3.629771 3.143598 2.290931 0 1.929507 2.845552 3.200869 4.063756 5.502975 5.807861 5.965167 6.062405 6.161710 6.366649 7.055558 7.504984 7.788696 8.124627 
12.368267 12.339628 12.145060 12.055417 11.968576 11.849853 11.785819 11.627868 11.569491 11.426050 11.481666 11.461133 11.411177 11.269278 11.146963 11.112209 10.938546 10.818365 10.817989 10.704250 10.665619 10.497144 10.480520 10.464919 10.367530 10.396270 10.363646 10.025130 9.626135 9.374031 9.209031 9.134300 9.040469 8.195705 8.026438 7.911433 7.235353 7.135563 7.084442 6.895839 6.717807 6.338062 6.341634 5.995730 5.344634 4.635435 4.075629 3.950664 3.542386 3.024132 1.929507 0 2.152749 2.817906 3.858200 5.401599 5.717355 5.921652 6.030375 6.124869 6.328839 6.995456 7.461941 7.758548 8.112079 
12.265521 12.238504 12.039662 11.951863 11.860159 11.729479 11.675403 11.508604 11.439391 11.306448 11.370388 11.346613 11.296764 11.145638 11.026971 11.002902 10.838176 10.718240 10.696153 10.560229 10.499231 10.327561 10.299097 10.270556 10.193117 10.215096 10.172751 9.828497 9.451330 9.227744 9.022150 8.925279 8.810217 8.034223 7.836159 7.746402 7.095629 7.041783 6.998378 6.856127 6.765943 6.435685 6.409274 6.072643 5.503709 4.860080 4.281376 4.280192 3.902547 3.557742 2.845552 2.152749 0 1.972137 3.512260 5.405515 5.676169 5.882908 6.059878 6.187694 6.405746 7.037398 7.460371 7.759677 8.112616 
12.252749 12.240645 12.043183 11.946774 11.847293 11.712357 11.656646 11.486676 11.420186 11.264790 11.314103 11.287192 11.250235 11.106816 11.000453 10.990670 10.802618 10.662489 10.634746 10.501161 10.443101 10.279657 10.270253 10.254628 10.174413 10.173165 10.113458 9.760383 9.382356 9.196064 9.014061 8.941716 8.816196 8.088078 7.942546 7.837785 7.183894 7.114510 7.089087 6.919963 6.817811 6.460486 6.441338 6.127201 5.679210 5.027637 4.503988 4.529615 4.161490 3.961118 3.200869 2.817906 1.972137 0 2.723955 5.078989 5.369355 5.590811 5.772999 5.895798 6.091136 6.717354 7.163454 7.479331 7.836062 
12.268126 12.249569 12.046687 11.943491 11.846524 11.721182 11.642666 11.486226 11.443952 11.263991 11.285336 11.262982 11.247118 11.136675 11.057718 11.030709 10.828961 10.692040 10.668591 10.539437 10.466710 10.309014 10.333694 10.344686 10.262438 10.265027 10.185226 9.842278 9.485055 9.299662 9.208014 9.155790 9.053540 8.337433 8.223509 8.092101 7.464433 7.339610 7.389132 7.215213 7.048470 6.687548 6.681303 6.380641 6.129884 5.578424 5.196645 5.233748 4.926663 4.765405 4.063756 3.858200 3.512260 2.723955 0 4.173401 4.649315 4.938524 5.193278 5.346983 5.551819 6.209269 6.745385 7.076132 7.438516 
12.131131 12.125247 11.951127 11.838325 11.731732 11.630759 11.566215 11.424686 11.414291 11.232511 11.255774 11.218952 11.187483 11.081862 10.995989 10.986892 10.831696 10.687742 10.701442 10.625967 10.555454 10.425899 10.448344 10.509986 10.456786 10.493562 10.425257 10.167438 9.906549 9.731408 9.666865 9.670613 9.615247 8.932113 8.835769 8.661050 8.159576 7.988922 8.113294 8.085538 7.878665 7.474528 7.380704 7.098410 7.098260 6.519147 6.222895 6.223871 6.035201 5.933821 5.502975 5.401599 5.405515 5.078989 4.173401 0 2.134532 2.903627 3.387196 3.747763 4.120546 4.859818 5.628544 6.029887 6.467489 
11.964641 11.981589 11.817110 11.712742 11.604986 11.507404 11.464676 11.314728 11.294508 11.130271 11.162975 11.121523 11.095986 10.989828 10.888693 10.908356 10.758612 10.593172 10.605448 10.505994 10.426366 10.289735 10.293352 10.352080 10.322248 10.388361 10.340998 10.111957 9.906008 9.715398 9.643987 9.654341 9.605062 8.973361 8.906737 8.747638 8.319142 8.169335 8.231179 8.192207 7.982441 7.594134 7.500324 7.242194 7.303556 6.736403 6.398650 6.428418 6.299545 6.205809 5.807861 5.717355 5.676169 5.369355 4.649315 2.134532 0 1.992459 2.921590 3.401852 3.815137 4.535990 5.324366 5.732224 6.167878 
11.885997 11.893973 11.747188 11.638456 11.531366 11.437525 11.390123 11.242458 11.231241 11.053093 11.052984 11.011273 11.002578 10.914021 10.828976 10.830628 10.668216 10.498860 10.523436 10.424713 10.336708 10.213480 10.194393 10.258514 10.242315 10.362550 10.354845 10.113674 9.936729 9.729681 9.709998 9.724998 9.654895 9.039111 8.970020 8.787998 8.388503 8.232385 8.332213 8.336288 8.125033 7.734554 7.661565 7.383814 7.310268 6.746402 6.446534 6.435085 6.324009 6.274564 5.965167 5.921652 5.882908 5.590811 4.938524 2.903627 1.992459 0 2.038503 2.876855 3.419344 4.154755 5.050051 5.526143 5.958168 
11.812813 11.799216 11.659005 11.546069 11.442095 11.339278 11.272222 11.117939 11.115952 10.922874 10.900682 10.890451 10.884877 10.802766 10.724153 10.707264 10.551274 10.388353 10.422754 10.339364 10.262465 10.151354 10.114258 10.185226 10.147523 10.265584 10.279821 10.031818 9.853527 9.663493 9.675887 9.717118 9.649612 9.053180 8.923710 8.757466 8.435873 8.220317 8.299100 8.326410 8.139277 7.755027 7.705836 7.353123 7.225524 6.710815 6.514816 6.397774 6.261467 6.292363 6.062405 6.030375 6.059878 5.772999 5.193278 3.387196 2.921590 2.038503 0 1.949552 2.777364 3.613528 4.722387 5.292324 5.745590 
11.656867 11.645796 11.504881 11.422946 11.329525 11.221118 11.168781 11.022033 11.016307 10.807932 10.805089 10.807152 10.807250 10.721731 10.644077 10.622045 10.471459 10.310165 10.341008 10.267710 10.209142 10.092430 10.060278 10.138924 10.056785 10.131451 10.164980 9.963109 9.798255 9.635389 9.691143 9.764832 9.723600 9.132177 9.040226 8.914653 8.587212 8.387925 8.516899 8.523162 8.291236 7.907489 7.882252 7.524181 7.338544 6.856875 6.689757 6.504207 6.385938 6.407538 6.161710 6.124869 6.187694 5.895798 5.346983 3.747763 3.401852 2.876855 1.949552 0 1.915850 3.025080 4.320490 4.970416 5.443815 
11.327254 11.320899 11.173865 11.093249 11.003819 10.904045 10.856111 10.702936 10.702727 10.492424 10.482916 10.485631 10.492166 10.415054 10.328343 10.318630 10.175012 10.039928 10.058956 9.977073 9.917661 9.809678 9.789801 9.872818 9.782846 9.909326 9.951002 9.811828 9.700052 9.620352 9.781060 9.863157 9.859760 9.318973 9.274912 9.165156 8.817352 8.652307 8.770549 8.705325 8.484827 8.134698 8.169364 7.793833 7.532887 7.054495 6.928157 6.786647 6.621112 6.615620 6.366649 6.328839 6.405746 6.091136 5.551819 4.120546 3.815137 3.419344 2.777364 1.915850 0 2.073923 3.599796 4.314699 4.872347 
10.970935 10.971304 10.824434 10.758085 10.681740 10.584764 10.532535 10.401817 10.422737 10.231054 10.219316 10.238134 10.268690 10.213620 10.121931 10.122358 9.990768 9.894579 9.931458 9.855359 9.785042 9.668836 9.657205 9.755647 9.686232 9.891832 9.977303 9.920261 9.929616 9.925809 10.165422 10.269418 10.273116 9.822330 9.796821 9.713746 9.395729 9.265232 9.332446 9.265274 9.076552 8.743805 8.788940 8.443367 8.189511 7.744111 7.587881 7.476134 7.298904 7.290598 7.055558 6.995456 7.037398 6.717354 6.209269 4.859818 4.535990 4.154755 3.613528 3.025080 2.073923 0 2.688853 3.524793 4.136059 
10.669955 10.683945 10.535183 10.480537 10.407590 10.334299 10.301498 10.179205 10.191039 10.025378 10.053646 10.058182 10.109018 10.038729 9.950423 9.979573 9.855988 9.791296 9.831359 9.773392 9.719788 9.608017 9.576432 9.673881 9.667067 9.936097 10.040910 10.060681 10.161303 10.242722 10.508267 10.631157 10.678835 10.310746 10.261341 10.177378 9.847853 9.740539 9.816738 9.735295 9.545159 9.214850 9.250590 8.910277 8.586199 8.149256 7.965873 7.889060 7.723748 7.696400 7.504984 7.461941 7.460371 7.163454 6.745385 5.628544 5.324366 5.050051 4.722387 4.320490 3.599796 2.688853 0 2.362336 3.369906 
10.560730 10.571562 10.429705 10.390690 10.328246 10.260606 10.216551 10.116233 10.136506 9.982776 10.048778 10.046430 10.102126 10.034185 9.939639 9.972678 9.848031 9.771145 9.809936 9.793160 9.750780 9.615285 9.578784 9.645108 9.627959 9.922035 10.046183 10.074764 10.220301 10.332083 10.598029 10.734370 10.787355 10.454627 10.455500 10.368097 10.034855 9.957774 10.049965 9.955730 9.756631 9.434010 9.468713 9.155137 8.845002 8.432446 8.254941 8.224030 8.068528 8.000296 7.788696 7.758548 7.759677 7.479331 7.076132 6.029887 5.732224 5.526143 5.292324 4.970416 4.314699 3.524793 2.362336 0 2.437173 
10.460304 10.465794 10.337579 10.288855 10.228276 10.165881 10.130287 10.054036 10.074262 9.938182 10.022633 10.021347 10.089150 10.042223 9.948809 9.979377 9.837274 9.733749 9.769651 9.798270 9.759800 9.600534 9.567408 9.631104 9.616488 9.932458 10.085988 10.127665 10.321516 10.431828 10.724164 10.892223 10.939931 10.656426 10.716188 10.645308 10.330113 10.255208 10.336820 10.224560 10.048014 9.740334 9.789093 9.463725 9.160475 8.761283 8.574925 8.541123 8.388952 8.317027 8.124627 8.112079 8.112616 7.836062 7.438516 6.467489 6.167878 5.958168 5.745590 5.443815 4.872347 4.136059 3.369906 2.437173 0 
